0.73077077,0.85540485,0.727566,0.74906206,0.27522367,0.6495642,0.46844083,0.8480421,0.8788316,0.65498334,0.4753976,0.891402
0.9636333,0.2133246,0.63739884,0.9439344,0.712101,0.89461625,0.79716843,0.34750694,0.23849745,0.2957506,0.17567627,0.44945556,0.3186948,0.54546744,0.63632494,0.9635872
0.47536126,0.6256619,0.7195721,0.22584374,0.45527136,0.60057664,0.8090199,0.22146377,0.5205634,0.3347092,0.63731664,0.99829954,0.32946032,0.8947866,0.41067126,0.7082319
0.65635717,0.45798406,0.6471693,0.3715943,0.27479622,0.9056242,0.24070849,0.57126147,0.31847817,0.7472094,0.19028363,0.5939061
0.5631178,0.50776124,0.81007534,0.5673488,0.98543894,0.8357723,0.77946085,0.2663221,0.38468397,0.87334263,0.9500087,0.50653195,0.7380544,0.21995476,0.69097364,0.69348544
0.8975589,0.45783865,0.8351096,0.7882424,0.59249717,0.28950623,0.95554924,0.33412573,0.9078914,0.8351591,0.67606205,0.39634818,0.96779454,0.35143656,0.7583312,0.4716746
0.90187556,0.66774136,0.63419366,0.6812341,0.9375591,0.9666386,0.19616747,0.5202582,0.9918487,0.4755741,0.3197733,0.5272705
0.4703288,0.66633546,0.7195259,0.46910536,0.89133096,0.4532635,0.59647286,0.21325895,0.44505686,0.97888047,0.4944152,0.32784566,0.6166963,0.57780206,0.5755179,0.640041
0.36234215,0.5412633,0.5766921,0.81851137,0.5779387,0.53323424,0.22625281,0.64614236,0.8725544,0.6607334,0.62863487,0.3441184,0.5910403,0.1958377,0.42878267,0.4126975
0.6281257,0.8905537,0.88823026,0.7135393,0.552713,0.96196544,0.19836526,0.8250203,0.6373628,0.29561827,0.69483227,0.39370015
0.76037914,0.503449,0.99395627,0.5893666,0.51482016,0.9427505,0.81181055,0.15932032,0.8629532,0.47120452,0.750423,0.20186141,0.8909961,0.77350545,0.5881157,0.48397
0.41414872,0.48474604,0.6777408,0.683127,0.99648154,0.529138,0.44602406,0.8035043,0.58184445,0.35712945,0.46267965,0.85379076,0.19833007,0.3937691,0.6385224,0.35741234
0.83597004,0.679293,0.68715084,0.42766938,0.8735626,0.59908915,0.5422518,0.35450032,0.7892491,0.36527693,0.7664585,0.37238038
0.8876816,0.91092753,0.6878563,0.69055504,0.54342777,0.30533487,0.40321758,0.4370838,0.59659714,0.62040216,0.6704954,0.7759456,0.3932551,0.76207954,0.87463367,0.5089644
0.35563064,0.9320836,0.8825386,0.4490906,0.58242744,0.42813748,0.43511972,0.76295197,0.9065185,0.9743121,0.9524208,0.82485217,0.8243044,0.5842907,0.39298916,0.85526896
0.95448434,0.47883856,0.564482,0.6088671,0.5661163,0.33553532,0.2354104,0.6449617,0.45932242,0.63502526,0.20757098,0.628628
0.5785649,0.271088,0.41731387,0.57583624,0.41687354,0.26624334,0.62282926,0.6987223,0.6362014,0.31862378,0.39182195,0.5175968,0.56753147,0.6585316,0.38621488,0.45201313
0.59058434,0.338161,0.8731077,0.6409505,0.50310373,0.37233427,0.91531104,0.38351467,0.8815871,0.49904528,0.26092798,0.6370793,0.49216628,0.789598,0.58706266,0.3106054
0.91234577,0.6830939,0.9574924,0.7953573,0.70107704,0.57517076,0.1601394,0.6966021,0.8581862,0.9744821,0.862571,0.2881572
0.2000024,0.9549723,0.7192521,0.3142814,0.7874901,0.6388905,0.94118977,0.83870196,0.70400715,0.46195167,0.46501523,0.20195599,0.67419636,0.38042626,0.5360132,0.82849795
0.37306178,0.68039846,0.96237093,0.46333635,0.65543693,0.60285884,0.78628063,0.60012084,0.9257302,0.28623635,0.35876074,0.48209503,0.77389896,0.5557832,0.35001478,0.3374329
0.89878976,0.8765646,0.4656951,0.5287091,0.9521351,0.7217617,0.60263765,0.4992934,0.25296077,0.7132666,0.44073167,0.4273119
0.5984933,0.29936358,0.61494124,0.6705429,0.4030181,0.46473783,0.75926864,0.5577424,0.9544777,0.5760578,0.8496503,0.27508515,0.6515318,0.64804476,0.8109813,0.5864237
0.24859013,0.7582009,0.9509403,0.5358965,0.54183507,0.5090472,0.5196761,0.6330766,0.58060116,0.2386754,0.34316579,0.8279128,0.25560194,0.7896168,0.4041617,0.43930086
0.54101324,0.5658696,0.7254583,0.27228665,0.31191853,0.75026625,0.30528295,0.49716538,0.7953264,0.5828449,0.2877621,0.63146573
0.65145636,0.35629496,0.5213835,0.5479667,0.89344645,0.6712898,0.28612223,0.9951898,0.45984045,0.8864781,0.50258726,0.9878691,0.57620144,0.85632545,0.7171867,0.48840114
0.626662,0.31997734,0.865607,0.7010871,0.34135142,0.6279506,0.52884793,0.9686007,0.42161283,0.9937397,0.321837,0.3808105,0.22256783,0.91493976,0.5802728,0.7846903
